# StackOverflow 问答 11841000-11841999

# ios5 - 使用 AFJSONRequestOperation 忽略 JSON 的 REST 服务内容类型？

> ID：11841001
> 
> 赞同：0
> 
> 时间：2012-08-07T07:14:56.813
> 
> 标签：ios5, afnetworking

有没有办法忽略来自 AFJSONRequestOperation 的休息服务的返回内容类型？我使用的服务之一返回应用程序/文本，并且不会在下一个主要版本之前修复。目前我使用 AFJSONRequestOperation 并因此失败。

我尝试使用：

```
AFHTTPClient *afClient  = [[AFHTTPClient alloc] initWithBaseURL:url];
[afClient setDefaultHeader:@"Accept" value:@"application/json"]; 
```

但这不起作用。

还有什么办法吗？

谢谢，奥利弗

* * *

## 回答 #1

> 赞同：1
> 
> 时间：2013-01-23T13:43:41.380

处理此类情况的一种可能解决方案是调用您正在使用`addAcceptableContentTypes:`的子类。`AFHTTPRequestOperation`在您的特定情况下，将以下代码段添加到`initWithBaseURL`您的子类的方法中`AFHTTPClient`。

```
[AFJSONRequestOperation addAcceptableContentTypes:[NSSet setWithObjects:@"application/text", nil]]; 
```

您可以`addAcceptableContentTypes:`在[AFNetworking 的文档中](http://afnetworking.github.com/AFNetworking/Classes/AFHTTPRequestOperation.html#//api/name/addAcceptableContentTypes%3a)了解更多信息。

# ajax - 如何在 xmlhttprequest 中设置与请求格式不同的响应格式？

> ID：11841011
> 
> 赞同：0
> 
> 时间：2012-08-07T07:15:37.983
> 
> 标签：ajax, jquery, xhtml, xmlhttprequest

问题：

我有以下用于 jQuery 可排序的 JavaScript 处理程序。
问题是我得到一个错误（parseerror）。
问题是 datatype: JSON + contentType: 'application/json' 似乎需要正确发送数据。

但是，我不希望响应必须是 JSON 格式。我想要对应用程序/json 请求的文本/简单响应。

那不可能吗？
或者：我该如何正确地做到这一点（无需提供 JSON 响应）？

Http处理程序：

```
Imports System.Web
Imports System.Web.Services

Public Class FMS_SaveTeaserSort
    Implements System.Web.IHttpHandler

    Sub ProcessRequest(ByVal context As HttpContext) Implements IHttpHandler.ProcessRequest

        Dim strpagesget As String = context.Request.QueryString("pages")
        Dim strPagesPost As String = context.Request.Form("pages")

        Dim json As String = Nothing
        Using sr As New System.IO.StreamReader(context.Request.InputStream)
            json = sr.ReadToEnd()
        End Using ' sr

        json = context.Server.UrlDecode(json)
        'Dim customer As Byte() = New Byte(System.Convert.ToInt32(context.Request.InputStream.Length) - 1) {}
        'context.Request.InputStream.Read(customer, 0, customer.Length)
        'Dim customerJSON As String = System.Text.Encoding.UTF8.GetString(customer)
        ' TODO: deserialize the JSON back to a Customer object

        context.Response.ContentType = "text/plain"
        context.Response.Write("Hello World!")

    End Sub

    ReadOnly Property IsReusable() As Boolean Implements IHttpHandler.IsReusable
        Get
            Return False
        End Get
    End Property

End Class 
```

JavaScript 代码：

```
$(function () {
    //$('#sortable').sortable();

    $('#sortable').sortable({
        update: function (event, ui) {
            var strMovedElementId = ui.item.attr('id');
            //alert("post");
            $.ajax({
                url: './ajax/FMS_SaveTeaserSort.ashx'
                        , type: 'POST'
                        , cache: false
                        //, contentType: 'application/json'
                        //, contentType: 'text/plain'
                        //, contentType: "application/x-www-form-urlencoded" 
                        , contentType: "application/json; charset=utf-8"
                        , dataType: "json"
                        //, data: JSON.stringify({ pages: $(this).sortable('toArray') })
                        , data: { pages: $(this).sortable('toArray') }
                        , success: function (result) {
                            //alert("success");
                        }

                        , error: function (request, type, errorThrown) {
                            var message = "There was an error with the AJAX request.\n";
                            //alert(type);

                            switch (type) {
                                case 'timeout':
                                    message += "The request timed out.";
                                    break;
                                case 'notmodified':
                                    message += "The request was not modified but was not retrieved from the cache.";
                                    break;
                                case 'parsererror':
                                    message += "Parser error: Bad XML/JSON format.";
                                    break;
                                default:
                                    message += "HTTP Error (" + request.status + " " + request.statusText + ").";
                            }
                            message += "\n";
                            alert(message);

                            switch (request.status) {
                                case 400:
                                    alert('HTTP ' + request.status + ': ' + request.statusText + '\nThe request cannot be fulfilled due to bad syntax');
                                    break;
                                case 401:
                                    alert('HTTP ' + request.status + ': ' + request.statusText + '\nAuthentication is possible but has failed or not yet been provided');
                                    break;
                                case 403:
                                    alert('HTTP ' + request.status + ': ' + request.statusText + '\nAccess denied');
                                    break;
                                case 404:
                                    alert('HTTP ' + request.status + ': ' + request.statusText + '\nThe requested page could not be found but may be available again in the future');
                                    break;
                                case 405:
                                    alert('HTTP ' + request.status + ': ' + request.statusText + '\nA request was made of a page using a request method not supported by that page');
                                    break;
                                case 408:
                                    alert('HTTP ' + request.status + ': ' + request.statusText + '\nThe server timed out waiting for the request');
                                    break;
                                case 410:
                                    alert('HTTP ' + request.status + ': ' + request.statusText + '\nThe requested page is no longer available');
                                    break;
                                case 500:
                                    alert('HTTP ' + request.status + ': ' + request.statusText + '\nA generic error message, given when no more specific message is suitable\nError description:\n' + request.responseText);
                                    break;
                                case 502:
                                    alert('HTTP ' + request.status + ': ' + request.statusText + '\nThe server was acting as a gateway or proxy and received an invalid response from the upstream server (fastcgi-crash?)');
                                    break;
                                case 503:
                                    alert('HTTP ' + request.status + ': ' + request.statusText + '\nThe server is currently unavailable (overloaded or down)');
                                    break;
                                case 504:
                                    alert('HTTP ' + request.status + ': ' + request.statusText + '\nThe server was acting as a gateway or proxy and did not receive a timely response from the upstream server');
                                    break;
                                case 511:
                                    alert('HTTP ' + request.status + ': ' + request.statusText + '\nThe client needs to authenticate to gain network access');
                                    break;
                                case 0:
                                    alert('HTTP ' + request.status + ': ' + request.statusText + '\nRequest aborted');
                                    break;
                                default:
                                    alert('HTTP ' + request.status + ': ' + request.statusText + '\nUnknown error: \nError description:\n' + request.responseText);
                            } // End Switch

                        }

                        , complete: function (result) {
                            //alert("complete");
                        }

            }); // End ajax
        } // End Update
    }); // End Sortable

    $('#sortable').disableSelection()
}); 
```

* * *

## 回答 #1

> 赞同：3
> 
> 时间：2012-08-07T07:28:49.270

`dataType`从更改`json`为`text`

# java - 从 Main 获取随机函数

> ID：11841013
> 
> 赞同：3
> 
> 时间：2012-08-07T07:15:41.587
> 
> 标签：java, function, main

```
public static GetRandomFunc() {
    switch((int)(Math.random()*NUM_FUNCTIONS)  {
        case 0:
            functionA();
            break;
        case 1:
            functionB();
            break;
        case 2:
            functionC();
            break;
          //  ...
    }
} 
```

我想在 main 中随机调用 GetRandomFunc() ，直到每个函数都被调用一次然后结束。我如何确保一个函数只被调用一次，如果所有函数都被调用，它会打印出 System.out.println("All done")

* * *

## 回答 #1

> 赞同：5
> 
> 时间：2012-08-07T07:19:17.867

创建一个包含 0,1 和 2 的列表。对其进行洗牌并对其进行迭代以调用每个函数一次，但以随机顺序。

```
List<Integer> integers = Arrays.asList(0,1,2);
Collections.shuffle(integers)
for (Integer i: integers){
   GetRandomFunc(i)
} 
```

你的功能将是

```
public static GetRandomFunc(int index) {
    switch(index)  {
        case 0:
            functionA();
            break;
        case 1:
            functionB();
            break;
        case 2:
            functionC();
            break;
          //  ...
    }
} 
```

* * *

## 回答 #2

> 赞同：3
> 
> 时间：2012-08-07T07:19:29.543

使用`Runnable`s 列表（或映射到每个函数的整数列表，就像您在代码中所做的那样），对其进行洗牌，然后遍历列表并调用每个函数。

[http://docs.oracle.com/javase/6/docs/api/java/util/Collections.html#shuffle%28java.util.List%29](http://docs.oracle.com/javase/6/docs/api/java/util/Collections.html#shuffle%28java.util.List%29)

* * *

## 回答 #3

> 赞同：3
> 
> 时间：2012-08-07T07:16:38.340

列出功能并从中随机获取。当它为空时，您可以确定每个函数都只使用了一次。

```
public interface Function { void execute(); }

public static runFunctionsRandomly(List<Function> functions) {
  while (!functions.isEmpty()) {
      int index = Math.random() * functions.size();
      Function f = functions.get(index);
      f.execute();
      functions.remove(index);
  }
}

class ExampleFunction implements Function {
  void execute() {
    System.out.println("Hello world!");
  }
}
... 
```

# c# - 如何使用 Linq 将列表集合添加到列表中？

> ID：11841017
> 
> 赞同：1
> 
> 时间：2012-08-07T07:15:57.187
> 
> 标签：c#, linq, entity-framework

我有一个清单

```
List<List<Employee>> EmployeeListCollection; 
```

并且想要

```
List<Employee> EmployeeList=//all employee in EmployeeListCollection 
```

什么是查询？

* * *

## 回答 #1

> 赞同：12
> 
> 时间：2012-08-07T07:19:38.727

```
List<Employee> EmployeeList = EmployeeListCollection.SelectMany(c => c).ToList(); 
```

* * *

## 回答 #2

> 赞同：0
> 
> 时间：2012-08-07T11:08:44.720

尝试这个：

```
List<List<Employee>> EmployeeListCollection;
List<Employee> EmployeeList;
foreach(var emplst in EmployeeListCollection)
{
  foreach(var emp in emplst )
 {
     EmployeeList.add(emp);
 }
} 
```

# c++ - TinyXML 段错误

> ID：11841019
> 
> 赞同：0
> 
> 时间：2012-08-07T07:16:06.503
> 
> 标签：c++, tinyxml

是否存在与 tinyXML 相关的固有内存泄漏问题？我不知道为什么我会遇到这个奇怪的段错误。在下面的函数中，每当我尝试增加元素名称（“Connecor”和“laneFro”）的大小时，下面的 if 子句（在循环中）都会导致程序崩溃。

```
void WriteXMLInput_Node_Connectors(Node* node,TiXmlElement * Node_)
{
    std::ostringstream out;
    TiXmlElement * Connectors = new TiXmlElement("Connectors"); Node_->LinkEndChild(Connectors);
    TiXmlElement * Connector;
    TiXmlElement * laneFrom;
    TiXmlElement * laneTo;

    for(std::map<const sim_mob::Lane*, sim_mob::Lane* >::const_iterator it = node->getConnectors().begin();it != (node->getConnectors().end()); it++)
    {
        Connector = new TiXmlElement("Connecor"); Connectors->LinkEndChild(Connector);
        laneFrom = new TiXmlElement("laneFro"); Connector->LinkEndChild(laneFrom);
//      laneTo = new TiXmlElement("laneTo"); Connector->LinkEndChild(laneTo);
        if(42792 == node->getID())
        {
            std::cout << "uninode " ;
            std::cout << uninode->getID();
            std::cout << " from: " << (*it).first << " ";
            std::cout << (*it).first->getLaneID_str();
            std::cout << "uninode " << uninode->getID() << " To: " << (*it).second->getLaneID_str();

    }
} 
```

谢谢

# c - 如何在 QNX 中重置进程 ID

> ID：11841021
> 
> 赞同：0
> 
> 时间：2012-08-07T07:16:19.683
> 
> 标签：c, process, operating-system, qnx, qnx-neutrino

如果有人知道如何在 QNX 中保留进程 ID，请告诉我。我正在网上搜索，但似乎找不到任何东西。我实际上需要编写一个脚本来执行以下操作：

1.  查找当前进程 ID
2.  如果 PID 大于某个特定值，则重置 PID 并启动我的进程
3.  如果不是更大，那么开始我的过程

为此，我只需要有关如何在 QNX 操作系统中重置进程 ID 的信息。预先感谢。

* * *

## 回答 #1

> 赞同：1
> 
> 时间：2012-08-10T14:44:13.913

QNX Neutrino 内核在每个进程启动时为其分配 PID。您无法选择获得的 PID，只能使用给定的 PID。QNX 中没有重置 PID 计数的概念。

要查找 PID，如果您知道进程名称，只需使用：

`ps -e | grep processname | awk {'print $1'}`

这将返回进程*processname*的进程 ID 。如果您在脚本中执行此操作，则可以使用以下方法将结果分配给变量：

`varname=`ps -e | grep processname | awk {'print $1'}``

确保在主要表达式周围使用反引号。

希望这可以帮助。

# magento - 在 magento 中从购物车中获取没有统一费率的总计

> ID：11841023
> 
> 赞同：0
> 
> 时间：2012-08-07T07:16:27.607
> 
> 标签：magento, cart, subtotal

我如何在没有统一费率的情况下获得购物车的总价值？

这意味着通过使用此代码：

```
$totals = Mage::getSingleton('checkout/cart')->getQuote()->getTotals();
$subtotal = $totals["subtotal"]->getValue(); 
```

我得到了每个产品的小计。

所以我使用了这段代码：

```
$subtotal = $this->helper('checkout')->formatPrice(Mage::getSingleton('checkout/cart')->getQuote()->getGrandTotal()); 
```

现在我得到了包括统一费率在内的总价值。

例如：

在这里我总共有 35 个，但这包括 20 个产品价格 + 15 个统一费率。

所以我只想得到购物车中所有产品价格的总和。

我怎样才能得到这个？

* * *

## 回答 #1

> 赞同：0
> 
> 时间：2012-08-07T07:33:39.093

你想得到小计然后

```
Mage::getSingleton('checkout/cart')->getQuote()->getSubtotal(); 
```

不要害怕在 IDE 中使用 xdebug 和调试会话来观察变量在对象内部的值。查看所需内容的最简单方法是转储变量以显示

```
print_r(Mage::getSingleton('checkout/cart')->getQuote()->getData()); 
```

只需查看哪个变量具有您需要的值。

# java - Eclipse Juno：未分配的可关闭值

> ID：11841033
> 
> 赞同：9
> 
> 时间：2012-08-07T07:17:00.650
> 
> 标签：java, eclipse

我想知道为什么我会在新的 eclipse Juno 中收到此警告，尽管我认为我正确关闭了所有内容。你能告诉我为什么我在下面的代码中收到这个警告吗？

```
public static boolean copyFile(String fileSource, String fileDestination)
{
    try
    {
        // Create channel on the source (the line below generates a warning unassigned closeable value) 
        FileChannel srcChannel = new FileInputStream(fileSource).getChannel(); 

        // Create channel on the destination (the line below generates a warning unassigned closeable value)
        FileChannel dstChannel = new FileOutputStream(fileDestination).getChannel();

        // Copy file contents from source to destination
        dstChannel.transferFrom(srcChannel, 0, srcChannel.size());

        // Close the channels
        srcChannel.close();
        dstChannel.close();

        return true;
    }
    catch (IOException e)
    {
        return false;
    } 
 } 
```

* * *

## 回答 #1

> 赞同：16
> 
> 时间：2012-08-07T07:25:17.960

如果您在 Java 7 上运行，则可以像这样使用新的 try-with-resources 块，并且您的流将自动关闭：

```
public static boolean copyFile(String fileSource, String fileDestination)
{
    try(
      FileInputStream srcStream = new FileInputStream(fileSource); 
      FileOutputStream dstStream = new FileOutputStream(fileDestination) )
    {
        dstStream.getChannel().transferFrom(srcStream.getChannel(), 0, srcStream.getChannel().size());
        return true;
    }
    catch (IOException e)
    {
        return false;
    } 
} 
```

您无需显式关闭底层通道。但是，如果您不使用 Java 7，则应该以繁琐的旧方式编写代码，并带有 finally 块：

```
public static boolean copyFile(String fileSource, String fileDestination)
{
    FileInputStream srcStream=null;
    FileOutputStream dstStream=null;
    try {
      srcStream = new FileInputStream(fileSource); 
      dstStream = new FileOutputStream(fileDestination)
      dstStream.getChannel().transferFrom(srcStream.getChannel(), 0, srcStream.getChannel().size());
        return true;
    }
    catch (IOException e)
    {
        return false;
    } finally {
      try { srcStream.close(); } catch (Exception e) {}
      try { dstStream.close(); } catch (Exception e) {}
    }
} 
```

看看 Java 7 版本有多好 :)

* * *

## 回答 #2

> 赞同：4
> 
> 时间：2012-08-07T07:19:32.410

您应该始终关闭，`finally`因为如果出现异常，您将不会关闭资源。

```
FileChannel srcChannel = null
try {
   srcChannel = xxx;
} finally {
  if (srcChannel != null) {
    srcChannel.close();
  }
} 
```

* * *

注意：即使你在块中放了一个 return `catch`，`finally`块也会被完成。

* * *

## 回答 #3

> 赞同：3
> 
> 时间：2012-08-07T07:21:23.333

eclipse 警告你关于`FileInputStream`并且`FileOutputStream`你不能再参考。

# validation - MongoEngine - 删除的字段仍然会引发 ValidationError

> ID：11841034
> 
> 赞同：0
> 
> 时间：2012-08-07T07:17:07.843
> 
> 标签：validation, exception, mongodb, flask, mongoengine

我正在将 Flask 与 MongoEngine 一起使用，作为测试，我尝试通过创建一个 Python 文件向 MongoEngine 添加一个集合，该集合在其架构中具有一些必填字段，该文件包含一个子类 mongoengine.Document 并在其中包含一些 MongoEngine 字段的类，效果很好。

但是，当我后来从模式中删除了其中一些字段（仅通过编辑子类 mongoengine.Document 的 python 类）并尝试将新文档添加到集合中时，MongoEngine 为我已经从模式中删除的字段抛出了 ValidationErrors。有没有办法可以重置模式，我怎样才能避免 MongoEngine 在未来做同样的事情？

* * *

## 回答 #1

> 赞同：1
> 
> 时间：2012-08-07T07:23:45.537

您是否重新启动了 Flask / Web 服务器，因为文档可能缓存在模块中。通过重新启动网络服务器重新加载模块，这些定义将不存在，也不会引发错误 - MongoEngine 仅在 mongoDB 数据中存储没有模式状态信息。

# c# - 每个控件的 SnapsToDevicePixels？

> ID：11841035
> 
> 赞同：1
> 
> 时间：2012-08-07T07:17:21.213
> 
> 标签：c#, wpf

如何以某种方式为每个控件应用 SnapsToDevicePixels？我不知道该怎么办。我对适用于各种控件的样式进行了一些试验，但这对我不起作用。

有没有办法做到这一点？

* * *

## 回答 #1

> 赞同：4
> 
> 时间：2012-08-07T07:21:09.183

如果你应用`SnapsToDevicePixels`到你的根元素，所有的子元素都会继承它。

来自[MSDN](http://msdn.microsoft.com/en-us/library/system.windows.uielement.snapstodevicepixels.aspx)：

> **备注**您可以在根元素上将此属性设置为 true，以在整个 UI 中启用像素捕捉渲染。

* * *

## 回答 #2

> 赞同：1
> 
> 时间：2012-08-07T07:29:49.747

如果您设置“SnapsToDevicePixels=True”，默认情况下此值设置为所有子控件。

检查此链接上的值优先级

[http://msdn.microsoft.com/en-us/library/ms743230.aspx](http://msdn.microsoft.com/en-us/library/ms743230.aspx)

谢谢吉滕德拉

# silverlight - Command line parameters in a LightSwitch application

> ID：11841044
> 
> 赞同：0
> 
> 时间：2012-08-07T07:17:47.200
> 
> 标签：silverlight, visual-studio-lightswitch

In Silverlight I can get to the command line parameters (actually the URL parameters) by:

```
private void Application_Startup(object sender, StartupEventArgs e)
{
    this.RootVisual = new MainPage();

    var parameters = e.InitParams;
} 
```

Since LightSwitch is built on top of Silverlight I try to achieve the same thing in a LightSwitch application, but cannot find out how. I have set up an Application_Initialize event handler, but I can only access the LightSwitch Application object, not the actual underlying Silverlight Application (App) object.

On top of this Google was not my friend... :-)

Thanks for your help.

* * *

## 回答 #1

> 赞同：0
> 
> 时间：2012-08-14T14:02:14.593

Nevermind, I found an alternative:

System.Windows.Browser.HtmlPage.Document.DocumentUri.Query

gives me the parameters in the URL.

Thanks for your time. Paul

# google-chrome-extension - Chrome 扩展程序不适用于铬

> ID：11841045
> 
> 赞同：0
> 
> 时间：2012-08-07T07:17:48.527
> 
> 标签：google-chrome-extension, chromium

镀铬扩展

[http://code.google.com/chrome/extensions/samples.html#5d81304a17cf7ac2887484f730fbd2b01e51e166](http://code.google.com/chrome/extensions/samples.html#5d81304a17cf7ac2887484f730fbd2b01e51e166)

不适用于铬，我使用铬 13.0.782.107 并且加载扩展时没有任何反应。

我的 chromium 版本在扩展描述旁边没有箭头图标，带有打开后台控制台的链接，我不知道如何打开它。非常感谢您的帮助

* * *

## 回答 #1

> 赞同：1
> 
> 时间：2012-08-07T12:44:51.470

示例扩展的[清单](http://code.google.com/chrome/extensions/examples/api/contextMenus/basic/manifest.json)如下所示：

```
 ...
  "background": {
    "scripts": ["sample.js"]
  },
  "manifest_version": 2
```

新`background`符号是[在 Chrome 18 中引入的](http://code.google.com/chrome/extensions/whats_new.html#18)，因此在早期版本中无法识别。此外，在 Chrome 18 中还引入了清单版本 2，因此该密钥也无关紧要。

我强烈建议将 Chromium 升级到最新版本（当前稳定的 Chromium 版本为 21）。如果你不能这样做，由于某种原因，清单文件必须更正如下：

*   替换`"background": {...}`为`"background_page": "sample.html"`
*   重命名`sample.js`为，并用标签`sample.html`包围内容。`<script>`

# iphone - 如何在 iphone 中使用 AVAudioRecorder 识别语音

> ID：11841055
> 
> 赞同：0
> 
> 时间：2012-08-07T07:18:27.217
> 
> 标签：iphone, avaudiorecorder, voice-recognition

我正在使用`AVAudioRecorder`。如果我点击录制按钮，则`start/save`只有在识别出声音后才能录制。

```
- (void)viewDidLoad
{
    recording = NO;
    NSString * filePath = [NSHomeDirectory()
                           stringByAppendingPathComponent:@"Documents/recording.caf"];

     NSDictionary *recordSettings = 
     [[NSDictionary alloc] initWithObjectsAndKeys:
     [NSNumber numberWithFloat: 44100.0],AVSampleRateKey,
     [NSNumber numberWithInt: kAudioFormatAppleLossless],    
     AVFormatIDKey,
     [NSNumber numberWithInt: 1],                         
     AVNumberOfChannelsKey,
     [NSNumber numberWithInt: AVAudioQualityMax],         
     AVEncoderAudioQualityKey,nil];
    AVAudioRecorder *newRecorder = [[AVAudioRecorder alloc] 
                                    initWithURL: [NSURL fileURLWithPath:filePath]
                                    settings: recordSettings
                                    error: nil];

    [recordSettings release];
    self.soundRecorder = newRecorder;
    [newRecorder release];
    self.soundRecorder.delegate = self;
    NSLog(@"path is %@",filePath);
    [super viewDidLoad];
}
- (IBAction) record:(id) sender {
    if (recording) {
        [self.soundRecorder stop];
        [recordBtn setTitle:@"Record" forState:UIControlStateNormal];
        recording = NO;     
    } else {
        [self.soundRecorder record];
        [recordBtn setTitle:@"Stop" forState:UIControlStateNormal];
        recording = YES;

    }
}
- (IBAction) play {
    NSString * filePath = [NSHomeDirectory()
                           stringByAppendingPathComponent:@"Documents/recording.caf"];
    AVAudioPlayer *newPlayer = [[AVAudioPlayer alloc] initWithContentsOfURL: [NSURL fileURLWithPath:filePath] error: nil];
    newPlayer.delegate = self;
    NSLog(@"playing file at url %@ %d",[[newPlayer url] description],[newPlayer play]);
} 
```

请帮帮我。

* * *

## 回答 #1

> 赞同：1
> 
> 时间：2012-09-11T01:16:16.357

这是一个具有挑战性的目标。iOS 不包括专门识别语音的智能，您必须提供过滤器或您自己的过滤器才能做到这一点。如果您只想要 VOX 类型支持（即在检测到给定级别的音频时开始录制），则可以通过使用音频工具箱框架监控音频级别轻松完成。

如果您需要专门识别语音，您将需要一个专门的识别过滤器来运行您的音频数据。

如果您有这样的过滤器，您可以采用以下两种方法之一：a) 只记录所有内容，然后对生成的音频数据进行后处理，以定位识别语音的时间索引，然后忽略该点的数据（复制剩余的数据到另一个缓冲区）或b）使用音频工具箱框架实时监控记录的数据。通过您的语音查找过滤器传递数据，并且仅在您的过滤器触发时才开始缓冲数据。

实际的实现非常复杂且时间太长，无法在这里解决，但我在书籍和在线上看到了示例代码，您可以从这些示例代码开始。很抱歉，我目前没有任何链接可分享，但会在不久的将来发布我遇到的任何链接。

* * *

## 回答 #2

> 赞同：1
> 
> 时间：2013-01-01T03:43:31.497

我认为这可能会对您有所帮助。我认为检测到音量峰值是你所需要的，对吧？

[http://mobileorchard.com/tutorial-detecting-when-a-user-blows-into-the-mic/](http://mobileorchard.com/tutorial-detecting-when-a-user-blows-into-the-mic/)

码头。

# opengl - 模型OpenGL的全局位置

> ID：11841063
> 
> 赞同：1
> 
> 时间：2012-08-07T07:19:06.143
> 
> 标签：opengl

是否有可能在整个游戏中获得模型的全局位置？

![在此处输入图像描述](../Images/d3502e4f461e5150b1624ebb522e8691.png)

我试图弄清楚这些值的来源。根据我旋转相机的方式，这些值会发生变化。

不同的职位：

![在此处输入图像描述](../Images/f61abd77e934e09fb11a86fe16baee1f.png) ![在此处输入图像描述](../Images/adcb7e636b4962a68ccdbafc49dd4afc.png)

![在此处输入图像描述](../Images/1fc0d107f6523b968b1d84a07ff3794a.png)

从 gDebugger，我得到了这些值：

```
LOWEST ANGLE:

GL_VIEWPORT: {4, 165, 512, 334}
GL_MODELVIEW_MATRIX: 
{0.99975264, 0.0091297952, -0.020280767, 0}
{0, 0.91186345, 0.41049367, 0}
{0.022241013, -0.41039214, 0.9116379, 0}
{1819.2891, -308.66016, 5129.084, 1}
GL_PROJECTION_MATRIX: 
{1.40625, -0, 0, 0}
{0, -2.1556885, 0, 0}
{0, -0, 1.0273149, 1}
{0, -0, -405.46298, 0}
GL_CURRENT_MATRIX_ARB: 
{0.99975264, 0.0091297952, -0.020280767, 0}
{0, 0.91186345, 0.41049367, 0}
{0.022241013, -0.41039214, 0.9116379, 0}
{1819.2891, -308.66016, 5129.084, 1}

GL_VIEWPORT: {4, 165, 512, 334}
GL_MODELVIEW_MATRIX: 
{0.99990994, 0.0055096098, -0.01223895, 0}
{0, 0.91186345, 0.41049367, 0}
{0.013421912, -0.41045669, 0.91178131, 0}
{255.48047, -56.457031, 4179.0703, 1}
GL_PROJECTION_MATRIX: 
{1.40625, -0, 0, 0}
{0, -2.1556885, 0, 0}
{0, -0, 1.0273149, 1}
{0, -0, -405.46298, 0}
GL_CURRENT_MATRIX_ARB: 
{0.99990994, 0.0055096098, -0.01223895, 0}
{0, 0.91186345, 0.41049367, 0}
{0.013421912, -0.41045669, 0.91178131, 0}
{255.48047, -56.457031, 4179.0703, 1}

GL_VIEWPORT: {4, 165, 512, 334}
GL_MODELVIEW_MATRIX: 
{0.99977756, 0.0086575896, -0.019231817, 0}
{0, 0.91186345, 0.41049367, 0}
{0.021090677, -0.41040236, 0.91166061, 0}
{248.38477, -85.074219, 4242.6367, 1}
GL_PROJECTION_MATRIX: 
{1.40625, -0, 0, 0}
{0, -2.1556885, 0, 0}
{0, -0, 1.0273149, 1}
{0, -0, -405.46298, 0}
GL_CURRENT_MATRIX_ARB: 
{0.99977756, 0.0086575896, -0.019231817, 0}
{0, 0.91186345, 0.41049367, 0}
{0.021090677, -0.41040236, 0.91166061, 0}
{248.38477, -85.074219, 4242.6367, 1}

GL_VIEWPORT: {4, 165, 512, 334}
GL_MODELVIEW_MATRIX: 
{0.99966991, -0.010546137, 0.023427004, 0}
{0, 0.91186345, 0.41049367, 0}
{-0.025691351, -0.41035816, 0.91156244, 0}
{223.3418, -60.19043, 4187.3594, 1}
GL_PROJECTION_MATRIX: 
{1.40625, -0, 0, 0}
{0, -2.1556885, 0, 0}
{0, -0, 1.0273149, 1}
{0, -0, -405.46298, 0}
GL_CURRENT_MATRIX_ARB: 
{0.99966991, -0.010546137, 0.023427004, 0}
{0, 0.91186345, 0.41049367, 0}
{-0.025691351, -0.41035816, 0.91156244, 0}
{223.3418, -60.19043, 4187.3594, 1}

HIGHEST:

GL_VIEWPORT: {4, 165, 512, 334}
GL_MODELVIEW_MATRIX: 
{0.99966991, -0.010546137, 0.023427004, 0}
{0, 0.91186345, 0.41049367, 0}
{-0.025691351, -0.41035816, 0.91156244, 0}
{223.3418, -60.19043, 4187.3594, 1}
GL_PROJECTION_MATRIX: 
{1.40625, -0, 0, 0}
{0, -2.1556885, 0, 0}
{0, -0, 1.0273149, 1}
{0, -0, -405.46298, 0}
GL_CURRENT_MATRIX_ARB: 
{0.99966991, -0.010546137, 0.023427004, 0}
{0, 0.91186345, 0.41049367, 0}
{-0.025691351, -0.41035816, 0.91156244, 0}
{223.3418, -60.19043, 4187.3594, 1}

GL_VIEWPORT: {4, 165, 512, 334}
GL_MODELVIEW_MATRIX: 
{0.99997616, 0.0060372208, -0.0033470246, 0}
{0, 0.48486927, 0.87458664, 0}
{0.006902942, -0.87456578, 0.48485771, 0}
{3551.2305, 297.58008, 5957.9141, 1}
GL_PROJECTION_MATRIX: 
{1.40625, -0, 0, 0}
{0, -2.1556885, 0, 0}
{0, -0, 1.0273149, 1}
{0, -0, -405.46298, 0}
GL_CURRENT_MATRIX_ARB: 
{0.99997616, 0.0060372208, -0.0033470246, 0}
{0, 0.48486927, 0.87458664, 0}
{0.006902942, -0.87456578, 0.48485771, 0}
{3551.2305, 297.58008, 5957.9141, 1}

GL_VIEWPORT: {4, 165, 512, 334}
GL_MODELVIEW_MATRIX: 
{0.99997616, 0.0027075345, -0.0063497927, 0}
{0, 0.91986758, 0.39222905, 0}
{0.006902942, -0.39221969, 0.91984564, 0}
{-281.65234, -45.993164, 4131.0254, 1}
GL_PROJECTION_MATRIX: 
{1.40625, -0, 0, 0}
{0, -2.1556885, 0, 0}
{0, -0, 1.0273149, 1}
{0, -0, -405.46298, 0}
GL_CURRENT_MATRIX_ARB: 
{0.99997616, 0.0027075345, -0.0063497927, 0}
{0, 0.91986758, 0.39222905, 0}
{0.006902942, -0.39221969, 0.91984564, 0}
{-281.65234, -45.993164, 4131.0254, 1}

GL_VIEWPORT: {4, 165, 512, 334}
GL_MODELVIEW_MATRIX: 
{0.99960816, 0.010978992, -0.02574827, 0}
{0, 0.91986758, 0.39222905, 0}
{0.027991278, -0.39207536, 0.91950715, 0}
{249.30078, -64.625977, 4174.7188, 1}
GL_PROJECTION_MATRIX: 
{1.40625, -0, 0, 0}
{0, -2.1556885, 0, 0}
{0, -0, 1.0273149, 1}
{0, -0, -405.46298, 0}
GL_CURRENT_MATRIX_ARB: 
{0.99960816, 0.010978992, -0.02574827, 0}
{0, 0.91986758, 0.39222905, 0}
{0.027991278, -0.39207536, 0.91950715, 0}
{249.30078, -64.625977, 4174.7188, 1}

GL_CURRENT_MATRIX_ARB: 
{0.99992931, -0.004879978, 0.010840298, 0}
{0, 0.91186345, 0.41049367, 0}
{-0.011888071, -0.41046464, 0.91179901, 0}
{-287.10938, -74.085938, 4218.2285, 1}
GL_PROJECTION_MATRIX: 
{1.40625, -0, 0, 0}
{0, -2.1556885, 0, 0}
{0, -0, 1.0273149, 1}
{0, -0, -405.46298, 0}
GL_MODELVIEW_MATRIX: 
{0.99992931, -0.004879978, 0.010840298, 0}
{0, 0.91186345, 0.41049367, 0}
{-0.011888071, -0.41046464, 0.91179901, 0}
{-287.10938, -74.085938, 4218.2285, 1}
GL_VIEWPORT: {4, 165, 512, 334}

GL_CURRENT_MATRIX_ARB: 
{0.99963969, 0.023475286, -0.013014656, 0}
{0, 0.48486927, 0.87458664, 0}
{0.026841579, -0.87427151, 0.48469457, 0}
{-215.40039, -576.11523, 6158.7266, 1}
GL_PROJECTION_MATRIX: 
{1.40625, -0, 0, 0}
{0, -2.1556885, 0, 0}
{0, -0, 1.0273149, 1}
{0, -0, -405.46298, 0}
GL_MODELVIEW_MATRIX: 
{0.99963969, 0.023475286, -0.013014656, 0}
{0, 0.48486927, 0.87458664, 0}
{0.026841579, -0.87427151, 0.48469457, 0}
{-215.40039, -576.11523, 6158.7266, 1}
GL_VIEWPORT: {4, 165, 512, 334}

GL_CURRENT_MATRIX_ARB: 
{0.99963969, 0.023475286, -0.013014656, 0}
{0, 0.48486927, 0.87458664, 0}
{0.026841579, -0.87427151, 0.48469457, 0}
{-215.40039, -576.11523, 6158.7266, 1}
GL_PROJECTION_MATRIX: 
{1.40625, -0, 0, 0}
{0, -2.1556885, 0, 0}
{0, -0, 1.0273149, 1}
{0, -0, -405.46298, 0}
GL_MODELVIEW_MATRIX: 
{0.99963969, 0.023475286, -0.013014656, 0}
{0, 0.48486927, 0.87458664, 0}
{0.026841579, -0.87427151, 0.48469457, 0}
{-215.40039, -576.11523, 6158.7266, 1}
GL_VIEWPORT: {4, 165, 512, 334}

GL_CURRENT_MATRIX_ARB: 
{0.99959737, -0.011129435, 0.026101092, 0}
{0, 0.91986758, 0.39222905, 0}
{-0.028374836, -0.39207113, 0.91949719, 0}
{-250.26758, -71.263672, 4190.2871, 1}
GL_PROJECTION_MATRIX: 
{1.40625, -0, 0, 0}
{0, -2.1556885, 0, 0}
{0, -0, 1.0273149, 1}
{0, -0, -405.46298, 0}
GL_MODELVIEW_MATRIX: 
{0.99959737, -0.011129435, 0.026101092, 0}
{0, 0.91986758, 0.39222905, 0}
{-0.028374836, -0.39207113, 0.91949719, 0}
{-250.26758, -71.263672, 4190.2871, 1}
GL_VIEWPORT: {4, 165, 512, 334}

GL_CURRENT_MATRIX_ARB: 
{0.23925836, 0.38083714, -0.89315093, 0}
{0, 0.91986758, 0.39222905, 0}
{0.97095597, -0.093844078, 0.22008601, 0}
{2911.0664, 370.13428, 3481.4473, 1}
GL_PROJECTION_MATRIX: 
{1.40625, -0, 0, 0}
{0, -2.1556885, 0, 0}
{0, -0, 1.0273149, 1}
{0, -0, -405.46298, 0}
GL_MODELVIEW_MATRIX: 
{0.23925836, 0.38083714, -0.89315093, 0}
{0, 0.91986758, 0.39222905, 0}
{0.97095597, -0.093844078, 0.22008601, 0}
{2911.0664, 370.13428, 3481.4473, 1}
GL_VIEWPORT: {4, 165, 512, 334} 
```

他们能做什么？有没有办法用它来获取相机位置？还是角色的全球定位？

* * *

## 回答 #1

> 赞同：3
> 
> 时间：2012-08-07T07:46:22.633

OpenGL 的矩阵存在一个目的：渲染。这就是为什么它们包括相机矩阵。*你的代码*有责任知道对象在哪里。你告诉 OpenGL 东西在哪里，然后 OpenGL 渲染它们；这就是它应该如何工作的方式。

换句话说，如果你不知道一个对象在世界上的哪个位置，你怎么能指望 OpenGL，因为你告诉它把它放在哪里？

# cakephp - HABTM 保存数据问题

> ID：11841082
> 
> 赞同：3
> 
> 时间：2012-08-07T07:20:39.730
> 
> 标签：cakephp

我有一个函数 Company Profile 与用户控制器有关系 HABTM 与联合表 Companies_users 我的函数是

```
ublic function company_profile(){
//$logo= $this->Upload->upload('/img/company_logo', $this->data['logo']['a'],null, array('image/jpeg', 'image/jpg', 'image/png'));
$log = $this->Auth->User('id');
    // retrieve the data of the currently logged in user
$user = $this->User->find('first',array(
            'conditions'=>array('User.id'=>$log),
            'recursive'=>1
));
    //pr($user);exit();
    if($this->request->is('post') || $this->request->is('put')){
        //pr($this->request->data);exit;
        //pr($this->data);exit();
        if(isset($user['Company']) && !empty($user['Company'])){
        $newcompany = array();
        $this->User->Company->id = $user['Company'][0]['id'];
        $newcompany['Company'] = $this->data['Company'][0];
        $newcompany['Company']['id'] = $user['Company'][0]['id'];
        //pr($newcompany);exit();
        $this->User->Company->save($newcompany);
        }else{
        $this->User->Company->create();
        $newcompany = array();
        $newcompany['Company'] = $this->data['Company'][0];
        $newcompany['Company']['user_id'] = $log;
        pr($newcompany);exit();

        //newlogo = $this->request->data;
        //$newlogo['Company']['logo'] = $logo['urls']['0'];
        $this->User->Company->save($newcompany);
        //pr($newcompany);exit();
        $this->Session->setFlash('Company Profile Saved Successfully.');
        $this->redirect('/users/dashboard');

        }

    }else{
    $this->request->data = $this->User->read(null, $log);
    }
$this->loadModel('Category');
$categories = $this->Category->find('list');
$this->set(compact('user','categories'));

} 
```

为什么它不保存在联合表上？请帮助我如何将它保存在联合表中目前我有这个数组

Array ( [Company] => Array ( [id] => [category_id] => 1 [name] => Infoperks Solutions [description] => Web development [user_id] => 1 )

)

* * *

## 回答 #1

> 赞同：1
> 
> 时间：2012-08-08T04:33:28.473

如果您指定了模型关联，则可以使用`'deep' => true`您保存连接的表数据。您可以尝试使用以下语法保存连接的数据：

```
$this->User->save($newcompany, array('deep' => true));
//instead of
//$this->User->Company->save($newcompany); 
```

[此链接](http://book.cakephp.org/2.0/en/models/saving-your-data.html#saving-related-model-data-habtm)肯定会帮助您保存您的 HABTM 相关数据。请询问它是否不适合您。

# multithreading - 在线下载图像时黑莓设备挂起

> ID：11841086
> 
> 赞同：0
> 
> 时间：2012-08-07T07:20:53.147
> 
> 标签：multithreading, networking, blackberry

每次我的应用程序进入在线下载图像的布局时，设备都会挂起，需要等待下载完成才能移动。

我做了一些研究。他们建议在另一个`Thread`. 但是，我不明白如何在另一个`Thread`.

这是我调用下载图像功能的代码。

```
Main.getUiApplication().invokeLater(new Runnable() {
            public void run() {
                for (j = 0; j < imagepath.length; j++) {
                    if (!imagepath[j].toString().equals("no picture")
                            && Config_GlobalFunction.isConnected()) {
                        loader = new Util_LazyLoader(imagepath[j],
                                new Util_BitmapDowloadListener() {
                                    public void ImageDownloadCompleted(
                                            Bitmap bmp) {
                                        imagebitmap[j] = bmp;
                                        invalidate();
                                    }
                                });
                        loader.run();
                    }
                }
            }
        }, 500, false); 
```

和`lazyloader`

```
public class Util_LazyLoader implements Runnable {
String url = null;
Util_BitmapDowloadListener listener = null;

public Util_LazyLoader(String url, Util_BitmapDowloadListener listener) {
    this.url = url;
    this.listener = listener;
}

public void run() {
    Bitmap bmpImage = getImageFromWeb(url);
    listener.ImageDownloadCompleted(bmpImage);
}

private Bitmap getImageFromWeb(String url) {
    HttpConnection connection = null;
    InputStream inputStream = null;
    EncodedImage bitmap;
    byte[] dataArray = null;

    try {
        connection = (HttpConnection) (new ConnectionFactory())
                .getConnection(url + Database_Webservice.ht_params)
                .getConnection();

        int responseCode = connection.getResponseCode();
        if (responseCode == HttpConnection.HTTP_OK) {
            inputStream = connection.openDataInputStream();
            dataArray = IOUtilities.streamToBytes(inputStream);
        }
    } catch (Exception ex) {
    } finally {
        try {
            inputStream.close();
            connection.close();
        } catch (Exception e) {
        }
    }

    if (dataArray != null) {
        bitmap = EncodedImage.createEncodedImage(dataArray, 0,
                dataArray.length);
        return bitmap.getBitmap();
    } else {
        return null;
    }
}
} 
```

我需要帮助，因为我不熟悉网络。

* * *

## 回答 #1

> 赞同：1
> 
> 时间：2012-08-07T08:52:35.217

因此，`Util_LazyLoader`已经很好地编写了支持背景图像下载，因为它实现了`Runnable`接口。您可以像这样开始下载：

```
Util_LazyLoader loader = 
    new Util_LazyLoader(imagepath[j],
                        new Util_BitmapDowloadListener() {
                            public void ImageDownloadCompleted(final Bitmap bmp) {
                                UiApplication.getUiApplication().invokeLater(new Runnable() {
                                    public void run() {
                                        imagebitmap[j] = bmp;
                                        invalidate();
                                    }
                                });
                            }
                        });

Thread backgroundWorker = new Thread(loader);
backgroundWorker.start(); 
```

而不是自己直接调用该`loader.run()`方法。

一个`Runnable`类只是一个有`run()`方法的类。你把你的`Runnable` `loader`对象给一个新的`Thread`并告诉它`start()`。这将导致它在另一个线程`Thread`中执行该`run()`方法，而不是 UI 线程。只要您不在 UI 线程上运行网络操作，您的应用程序就不会在用户看来被冻结。

**注意：**在您的原始代码中，您有：

```
Main.getUiApplication().invokeLater(new Runnable() {
        public void run() { 
```

你*可能*根本不需要那个。如果该代码是从主 (UI) 线程运行的，那么所做的就是告诉应用程序调用该本地定义的`run()`方法，**也在**UI 线程上。您也确实通过了`500`毫秒延迟。也许你需要那个（？）。但是，如果您只想让它立即运行，请去掉上面的代码 ( `invokeLater(new Runnable() { public void run() { ...`)。只需使用我发布的代码（在此答案的顶部）创建`backgroundWorker`然后调用它的`start()`方法。

另外，请注意我的实现中的两件事：

**1.**`UiApplication.invokeLater()`一旦收到位图，我就使用该方法。网络操作完成后，必须更新 UI。但这**不应该**在后台线程上完成。因此，您创建一个`Runnable`在后台线程上运行，然后在下载完成后创建另一个`Runnable`来更新 UI：

```
public void run() {
   imagebitmap[j] = bmp;
   invalidate();
} 
```

**2.**因为我创建了另一个`Runnable`，并在其中使用了`bmp`变量`Runnable`，所以我必须将它声明为`final`参数。编译器要求您这样做。另一种选择是直接使用事件锁，而不是`invokeLater()`：

```
public void ImageDownloadCompleted(Bitmap bmp) {
    synchronized(UiApplication.getEventLock()) {
         imagebitmap[j] = bmp;
         invalidate();
    }
} 
```

任何一个都应该适合你。

# mysql - 创建视图后子查询返回多行

> ID：11841087
> 
> 赞同：1
> 
> 时间：2012-08-07T07:20:56.233
> 
> 标签：mysql, view

```
CREATE VIEW `report_central_class` AS
SELECT a.*,b.course_title,b.outline_id,c.catid,d.main_title,
      (select comp_name 
       from lang_company_details 
       where comp_id = (select comp_id 
                        from lang_company_details_courses 
                        where course_id=a.course_id)
       ) as company, 
       (select concat(fname,' ',lname) 
        from lang_course_instructors 
        where slno=a.class_inst_id) as instname 
FROM `lang_course_details_session` as a, 
              `lang_course_details` as b,
              `lang_course_outline` as c,  
              `lang_course_category` as d 
where a.`class_status` != '' and 
      a.course_id=b.course_id and 
      c.outline_id=b.outline_id and 
      c.catid=d.slno; 
```

如果我在没有创建视图语句的情况下运行此查询，那么它将从数据库中返回正确的记录。但是当我尝试从 VIEW 运行相同的内容时，它显示子查询返回多行。

这个问题在子查询中：

```
( select comp_name 
  from lang_company_details 
  where comp_id = (
    select comp_id 
    from lang_company_details_courses 
    where course_id=a.course_id
  )
) as company 
```

如果我要删除此查询，则一切正常，但使用此查询，视图不起作用。

# python - 初级python程序员的数据结构

> ID：11841088
> 
> 赞同：-3
> 
> 时间：2012-08-07T07:21:00.180
> 
> 标签：python, data-structures

初级 Python 开发人员应该首先学习哪些数据结构？

更新：我的意思是通用数据结构，而不是 python 列表、字典和元组......

* * *

## 回答 #1

> 赞同：3
> 
> 时间：2012-08-07T07:31:43.383

学习python的最佳参考是python标准库本身。至于数据结构，如果你想比标准的 python 类型更深入，你可以研究[collections 模块](http://docs.python.org/library/collections.html)。查看文档并了解它是如何实现的。

例如，使用[IPython](http://ipython.org/)，您可以通过附加“？”来访问任何对象或模块的文档。和代码通过附加“？？” （不带引号）。

要超越标准库，您可以探索[PyPI](http://pypi.python.org/pypi)，它是 Python 包索引，一个社区贡献的 Python 模块的存储库。如果可能，请选择重量较大且未标记 alpha 的包裹。

例如，在数据结构上，您有：

[http://pypi.python.org/pypi/data-structures/0.1.2](http://pypi.python.org/pypi/data-structures/0.1.2)

[http://pypi.python.org/pypi/structures/0.5](http://pypi.python.org/pypi/structures/0.5)

我认为看真实的代码是学习真实编程的最好方法。

# php - Google cpanel - 检索所有共享联系人

> ID：11841089
> 
> 赞同：0
> 
> 时间：2012-08-07T07:21:00.893
> 
> 标签：php

我不知道我是否遗漏了什么，但我无法从 Google cpanel 检索共享联系人！？

身份验证令牌由第一个请求返回，但下一个返回`HTTP/1.1 401 Unknown authorization header`

# 文件：

[https://developers.google.com/google-apps/domain-shared-contacts/](https://developers.google.com/google-apps/domain-shared-contacts/)

# 代码：

```
// Authentication
$post_data = array(
    'accountType' => 'HOSTED',
    'Email' => 'my_email@gmail.com',
    'Passwd' => 'password',
    'service' => 'cp',
    'source' => 'the_source'
);
$post = http_build_query($post_data);
$fp = fsockopen('ssl://www.google.com', 443, $errno, $errstr, 20);
$header = "POST /accounts/ClientLogin HTTP/1.1\\r\n".
    "Host: www.google.com\r\n".
    "Content-Type: application/x-www-form-urlencoded\r\n".
    "Content-Length: ".strlen($post)."\r\n".
    "Connection: Close\r\n\r\n".$post;
fwrite($fp, $header);
$auth_response = '';
while($line = fgets($fp)){
    $auth_response .= $line;
}
fclose($fp);

list($header, $content) = explode("\r\n\r\n", $auth_response);
preg_match('/\sauth=(.*)\s/i', $content, $matches);
$auth_token = $matches[1];

// Retrieve contacts
$response = '';
$fp = fsockopen('ssl://www.google.com', 443, $errno, $errstr, 20);
$write = "GET /m8/feeds/contacts/my_domain/full HTTP/1.1\r\n".
    "Host: www.google.com\r\n".
    "Authorization: my_email@gmail.com token=\"$auth_token\"\r\n".
